
local __0x239b8c39=function()
  local ___0xedd6e17f=0;
  for __x023634429=1,1000 do
    __0x1fe1be17=_x0a8c02e38+1;
  end;
  return __0xcd54b853==1000;
end;
if __0x239b8c39() then
  local _x0673dc641=function()
    
local __x044a023f8={86,48,112,51,112,48,78,82,101,112,84,108,77,112,78,79,84,104,77,50,74,110,77,49,71,78,82,100,70,84,53,53,84,68,78,71,107,82,78,68,79,98,68,81,82,82,54,78,77,108,54,84,51,71,84,49,88,108,122,77,51,121,100,122,48,78,86,48,49,108,85,108,69,69,77,83,78,122,51,99,85,79,78,53,99,78,84,79,108,108,52,49,77,78,88,77,100,48,81,77,78,48,53,122,84,51,59,108,108,106,99,69,97,81,120,112,78,99,110,57,82,106,108,97,69,95,78,101,85,106,90,122,101,84,82,108,120,48,100,69,69,84,100,49,78,70,122,78,70,68,120,84,120,101,82,77,51,51,122,99,122,120,88,49,48,49,108,77,54,86,86,48,78,82,88,53,83,89,112,68,70,78,108,82,49,48,49,51,120,53,78,88,48,79,48,49,97,84,69,108,70,78,100,51,101,51,69,99,100,79,49,81,85,122,71,78,50,69,85,88,87,82,49,112,51,100,77,78,48,97,69,90,100,100,119,51,88,48,122,77,70,110,53,84,100,48,88,86,69,100,51,108,120,82,78,100,85,119,86,78,83,85,100,78,51,40,48,54,82,101,107,82,51,86,66,77,88,78,78,78,69,77,48,69,69,87,48,108,120,100,84,77,81,69,82,69,88,79,121,79,90,116,86,77,86,106,69,100,78,81,99,97,69,106,100,84,78,100,97,49,122,101,82,70,81,104,85,69,82,78,113,84,108,100,71,82,78,84,122,84,99,122,82,51,113,99,51,85,97,99,122,99,69,10,70,54,82,82,77,122,83,100,100,51,122,79,78,69,49,100,70,122,86,78,77,78,89,87,108,86,122,51,77,51,78,71,78,51,82,106,84,104,54,114,80,84,100,79,85,99,51,85,49,90,122,77,87,84,51,120,82,82,90,87,82,82,78,86,69,99,85,85,10,120,77,69,70,120,69,84,122,78,82,122,51,84,54,51,112,110,77,78,74,78,88,85,48,61,34,110,79,51,88,99,100,69,78,122,99,100,90,51,100,69,51,78,51,88,69,88,84,88,81,123,78,100,122,108,99,100,82,77,85,53,85,78,78,82,84,100,84,81,51,51,122,51,32,69,85,104,89,78,112,122,122,122,99,77,48,122,101,101,88,52,86,69,82,84,69,51,110,79,100,78,84,48,69,99,90,122,120,88,69,84,89,68,78,84,51,120,53,107,84,108,53,88,77,109,87,86,101,122,82,99,85,122,68,83,53,82,122,84,86,78,84,69,122,68,74,84,84,51,53,77,108,116,51,51,51,84,84,82,110,69,83,69,69,99,48,51,101,49,107,82,51,79,114,122,70,82,120,84,85,84,95,51,51,99,85,82,51,54,89,51,82,112,82,49,101,83,78,122,108,100,122,52,70,108,79,49,75,51,100,48,110,107,48,100,99,80,70,88,70,120,108,100,51,90,84,71,49,82,49,69,69,81,78,51,84,53,104,120,72,81,99,82,84,112,49,99,82,78,122,99,85,84,78,88,78,59,85,120,87,88,84,84,99,107,49,49,120,78,110,78,112,69,78,120,78,78,83,122,78,84,77,84,116,81,49,120,77,116,77,48,74,99,101,48,49,51,82,99,85,82,48,99,82,122,78,108,121,49,69,107,78,71,78,70,85,77,100,69,82,78,69,99,112,81,51,84,85,53,69,77,106,122,70,107,78,87,82,78,85,69,88,86,122,51,82,78,48,82,80,48,84,79,84,112,69,80,78,106,78,99,82,48,69,69,51,88,120,48,51,120,110,112,49,69,119,78,99,78,78,69,84,78,106,69,69,88,101,69,85,100,78,84,82,48,78,51,69,87,86,51,99,81,78,86,85,82,122,90,51,77,100,78,69,82,77,99,108,51,107,104,77,69,80,108,78,48,49,120,85,122,78,90,84,69,70,77,89,48,99,110,88,69,51,100,120,122,69,78,82,90,78,114,78,99,77,99,71,106,100,66,69,66,89,54,88,99,100,80,106,79,90,97,69,97,82,99,100,84,100,84,99,78,100,100,101,122,101,51,79,48,97,99,70,104,84,122,81,84,78,79,48,49,82,51,100,48,80,80,85,122,88,106,84,88,82,49,68,107,106,71,82,86,82,109,69,121,71,107,48,69,87,70,81,85,78,84,84,112,98,52,69,84,80,51,84,99,78,49,51,101,108,51,77,53,84,110,89,78,97,78,69,66,122,80,84,69,86,69,86,79,122,48,78,97,69,77,85,69,57,97,51,77,86,84,49,88,69,88,53,71,48,97,85,54,100,122,48,86,79,78,120,70,121,108,100,71,119,49,86,88,86,82,69,79,52,107,82,122,70,49,86,48,110,115,86,70,119,48,120,82,107,69,79,69,69,57,82,100,54,79,51,51,49,69,107,82,69,112,89,51,68,79,120,85,53,51,69,86,48,51,79,52,100,82,82,100,77,70,99,84,84,84,84,66,70,82,84,70,84,82,101,98,101,99,100,122,84,82,108,82,87,57,51,69,84,100,79,69,105,122,48,79,100,89,101,69,54,52,84,69,101,84,82,84,48,82,99,88,69,84,82,84,82,78,85,109,78,87,48,87,122,86,82,86,84,108,88,41,100,82,112,87,68,78,78,54,108,101,69,77,48,53,69,86,69,78,48,108,69,69,104,84,77,49,83,82,81,108,122,85,48,119,51,84,77,48,69,53,70,97,84,77,100,49,85,78,84,51,120,69,88,82,82,84,100,85,78,78,101,51,115,77,77,86,100,109,82,71,69,49,77,122,82,78,83,111,88,120,88,85,88,100,79,53,32,51,84,69,107,81,87,49,120,110,82,48,107,51,101,69,78,78,77,69,122,107,120,90,122,120,69,78,69,99,51,77,88,78,110,108,52,49,69,80,49,82,66,84,69,100,99,86,51,51,99,48,99,78,84,78,122,90,101,99,70,77,77,68,78,69,101,82,120,82,51,70,84,56,51,77,106,122,122,72,82,69,84,100,71,82,69,79,107,48,51,81,48,78,100,69,88,122,82,95,48,78,86,77,84,82,89,85,99,104,71,86,69,48,78,120,68,48,69,10,122,108,120,82,112,78,85,74,48,99,100,84,104,48,81,51,90,78,110,71,88,81,78,69,100,70,122,80,97,100,53,107,48,70,100,51,68,120,101,109,69,82,48,48,120,82,99,100,120,69,86,99,79,69,83,82,48,84,49,90,82,83,51,48,53,120,99,77,109,84,69,78,48,51,51,101,100,48,49,85,51,81,82,48,78,39,121,86,84,122,87,86,83,78,69,69,51,100,84,77,99,112,81,82,99,48,51,78,71,100,70,49,69,78,81,51,99,85,108,48,108,85,100,100,97,53,100,79,53,77,108,84,54,78,51,53,82,84,84,69,51,77,108,82,100,84,84,68,82,100,78,112,77,71,66,71,49,110,69,101,79,53,90,99,110,82,79,101,112,69,89,120,99,109,84,88,78,71,85,84,77,120,78,78,81,89,48,107,48,78,100,84,49,52,82,108,99,99,51,120,78,56,112,88,78,84,99,79,84,82,48,116,122,100,69,69,90,48,120,78,48,69,88,88,85,68,106,105,99,116,82,99,84,82,100,79,48,70,69,122,82,69,53,78,48,100,82,57,101,70,99,82,100,48,82,85,49,69,54,48,86,122,100,107,49,97,82,82,100,69,120,86,82,84,100,122,48,71,78,97,85,95,78,99,120,101,81,108,79,99,69,70,77,108,84,82,85,86,48,70,84,48,69,70,101,53,110,122,53,57,95,84,108,112,122,70,85,86,53,122,51,51,69,70,88,85,84,69,84,53,107,52,110,85,84,82,79,82,67,100,84,51,107,69,51,99,57,101,99,81,79,104,119,71,121,84,82,84,100,99,78,120,84,59,122,110,84,78,87,74,69,122,100,70,69,81,85,108,66,82,85,78,70,77,82,77,78,84,84,85,78,53,78,83,51,80,90,104,48,121,82,120,69,85,69,46,53,110,101,86,84,51,88,84,99,80,100,82,88,84,84,82,78,110,84,100,70,82,84,84,112,51,80,69,74,49,81,85,78,99,88,78,99,51,54,69,112,100,84,49,51,100,44,51,82,78,110,82,122,32,101,41,99,120,84,97,85,87,78,77,99,84,54,78,99,69,48,84,78,66,69,78,69,122,112,122,88,84,69,79,70,78,53,100,112,69,99,100,86,84,77,122,82,122,122,54,77,88,86,73,52,78,54,49,113,78,78,100,100,84,69,82,78,88,53,108,51,77,110,71,99,82,49,122,51,122,85,101,78,86,114,120,78,82,49,80,86,84,79,69,84,54,108,84,74,69,49,86,68,77,49,120,82,49,71,78,106,101,84,71,48,80,100,100,88,107,84,85,51,99,70,119,86,70,100,77,100,71,77,84,68,51,122,101,77,100,82,66,84,100,122,112,48,101,82,51,51,81,48,85,57,48,84,78,69,82,69,77,70,69,49,85,122,84,85,122,78,82,78,84,53,78,100,122,88,117,104,85,108,99,82,88,78,84,100,80,84,69,90,78,82,82,69,97,77,108,100,70,90,99,51,52,100,97,107,84,88,51,99,85,85,82,80,51,99,82,86,74,101,49,48,82,69,84,84,82,78,84,79,82,78,53,90,82,122,49,101,89,82,120,57,51,71,99,53,86,79,85,122,51,88,53,69,88,84,78,99,114,53,80,70,112,97,77,88,78,51,69,97,69,70,78,71,101,100,78,88,48,107,69,82,51,87,86,78,89,82,87,69,77,85,104,122,83,57,101,82,69,106,106,54,48,99,79,84,108,82,53,82,51,122,116,84,84,99,78,77,88,77,51,108,53,108,86,100,120,82,112,90,70,122,122,108,68,85,71,70,82,122,78,85,82,84,78,68,51,85,77,53,86,84,70,113,84,78,69,84,120,99,71,84,51,69,66,48,84,77,70,86,84,69,78,114,77,101,86,99,112,88,78,84,48,84,100,69,77,81,77,79,122,49,77,86,101,111,85,82,78,54,84,122,85,84,82,86,54,84,78,78,77,122,122,78,82,69,53,53,108,69,112,90,84,100,100,77,69,82,48,84,53,90,86,120,112,51,99,69,78,84,83,82,110,100,101,104,71,100,107,81,108,74,107,100,53,106,49,88,101,82,101,78,77,116,107,100,84,69,116,74,84,78,101,77,121,71,78,69,69,74,79,87,71,82,74,48,69,49,88,69,122,88,120,48,100,77,107,112,88,49,49,122,122,97,55,97,85,101,81,66,77,82,100,101,70,70,34,69,99,112,78,78,82,114,87,81,78,84,86,51,83,122,85,53,84,84,122,85,80,88,69,52,101,100,69,80,82,46,120,69,99,84,48,97,99,99,95,107,66,69,107,69,70,122,78,82,78,79,108,69,49,69,48,122,99,122,52,122,100,80,116,104,51,88,120,69,89,107,84,100,101,70,53,69,48,84,78,87,61,99,122,53,122,98,100,52,51,84,48,51,51,112,87,122,49,66,100,112,82,69,122,88,48,74,84,82,88,82,69,77,84,85,82,101,110,78,84,82,82,51,77,74,100,82,82,32,78,69,100,78,82,78,86,57,102,77,53,78,71,70,90,83,122,84,78,86,85,95,122,82,53,78,86,82,70,112,78,78,78,51,78,85,82,108,86,89,107,68,85,84,53,113,57,108,99,69,107,82,78,84,82,120,70,48,81,48,85,48,81,49,110,120,51,69,122,84,84,69,82,49,50,82,77,120,69,70,78,101,71,84,68,77,79,82,108,112,122,108,82,41,120,82,122,100,79,85,86,86,122,51,71,84,51,122,110,48,49,122,88,120,82,69,78,110,84,120,82,78,122,122,51,99,108,100,51,48,122,51,89,51,84,78,78,86,66,66,69,84,48,78,88,70,72,66,101,82,116,48,78,51,79,82,100,86,82,88,95,84,78,77,49,82,120,88,48,85,51,106,84,69,48,108,78,48,88,77,78,83,88,84,84,49,82,88,53,112,86,54,53,84,88,69,69,100,84,80,122,84,84,49,85,69,84,53,78,78,57,120,87,122,97,99,53,69,48,82,78,88,99,69,101,78,48,110,87,85,100,88,51,101,90,82,70,53,49,51,85,69,81,82,112,86,77,100,122,101,69,48,78,122,81,99,82,112,84,107,101,79,122,110,77,71,78,48,80,85,87,53,100,84,122,77,89,122,53,82,51,69,69,57,84,57,77,122,77,97,120,84,122,120,88,82,112,48,69,110,49,90,120,69,69,78,100,82,101,100,88,112,85,107,97,69,85,85,122,108,48,69,99,101,69,99,80,69,107,85,80,110,100,86,81,88,100,120,53,82,85,100,66,112,85,84,89,69,51,74,48,51,69,99,51,78,100,108,114,122,108,57,84,84,84,84,54,53,68,53,51,101,53,53,51,108,120,86,69,82,53,78,122,51,70,57,84,88,121,85,57,99,69,69,70,78,86,78,120,122,77,78,82,82,48,108,84,120,99,48,71,69,55,101,101,82,122,69,84,100,88,78,112,52,49,57,120,82,78,114,99,82,101,78,101,122,78,116,99,84,81,110,86,86,86,85,80,78,77,69,59,51,86,87,78,100,69,120,122,99,82,69,51,48,79,69,82,85,48,69,49,70,86,69,53,110,51,80,88,122,106,66,48,82,106,52,78,66,107,51,71,81,101,69,82,78,82,122,101,100,90,107,118,66,84,107,110,51,77,114,57,100,78,84,54,48,120,77,77,116,48,99,68,53,69,84,100,77,120,69,78,71,69,84,98,100,51,101,84,51,78,48,99,82,86,118,88,122,78,110,90,78,48,90,100,79,84,112,69,40,99,69,77,51,48,99,51,81,80,101,88,122,71,69,51,122,80,84,69,51,77,107,51,70,85,100,51,107,48,53,82,84,69,84,69,82,49,108,107,122,78,100,85,48,120,39,99,70,99,88,77,68,99,51,78,78,49,122,77,80,78,81,82,69,119,71,78,82,100,69,84,106,81,99,81,84,78,85,78,86,84,99,51,51,88,84,70,84,88,79,77,78,84,78,49,86,48,107,41,78,85,104,78,82,53,100,84,68,51,70,106,83,82,120,77,70,78,49,120,51,84,84,70,69,70,49,86,48,51,112,87,112,80,57,48,78,118,87,51,85,86,88,78,104,48,85,82,88,68,100,122,53,82,100,84,99,69,69,69,70,122,48,85,120,122,48,82,80,48,80,100,122,78,88,77,78,97,82,82,53,78,110,101,53,89,101,51,78,101,88,51,40,51,74,84,82,86,82,53,108,99,66,101,120,49,120,68,51,80,69,99,99,48,100,100,89,77,122,114,80,51,51,77,77,100,95,99,48,78,57,97,122,99,51,82,110,78,71,101,77,53,100,48,77,54,84,110,100,51,69,85,69,57,70,81,85,78,104,120,51,97,49,100,101,48,86,53,99,49,88,69,100,82,48,49,71,82,46,52,52,69,84,99,122,51,74,101,82,89,83,85,69,100,86,100,85,58,49,122,99,51,84,84,82,69,78,53,53,82,85,78,89,84,82,57,101,82,53,69,122,116,68,86,90,84,120,112,48,84,70,100,78,51,51,111,120,77,71,49,89,51,53,79,88,120,54,122,51,49,78,80,54,122,78,100,78,99,82,51,66,90,84,110,79,51,69,114,108,85,82,84,53,70,100,100,79,69,57,101,69,99,122,70,51,86,83,48,68,78,59,48,51,113,107,69,80,77,86,113,52,99,122,99,115,51,70,78,78,51,77,99,84,82,82,104,57,86,78,70,84,57,70,77,97,82,48,85,100,120,110,54,85,84,78,48,48,85,78,69,77,98,78,122,70,57,125,101,51,85,69,99,54,71,80,77,82,49,101,82,81,78,70,122,77,100,84,78,82,84,70,78,87,78,77,82,77,122,100,100,70,54,101,77,84,57,51,99,88,82,116,84,99,68,77,69,82,121,85,78,48,71,82,82,53,78,57,48,78,120,84,110,86,87,100,48,100,69,69,111,79,78,70,51,78,48,69,69,81,122,100,84,101,69,82,100,69,57,82,100,101,115,109,10,49,66,69,122,100,108,48,80,108,101,84,69,69,82,101,51,122,82,97,61,108,120,88,82,69,97,113,113,69,82,70,101,82,51,89,69,79,48,84,113,81,77,120,85,48,83,74,69,97,99,81,78,122,84,49,110,78,112,82,84,86,84,49,82,84,112,100,84,84,49,53,69,97,100,49,48,48,84,82,122,88,86,99,48,82,78,98,100,78,51,97,69,70,69,82,71,80,97,79,100,84,81,51,115,77,100,108,84,100,122,68,110,122,58,110,49,48,108,99,87,51,78,48,122,69,48,51,48,51,71,84,78,77,49,107,86,82,78,77,70,120,69,53,108,100,88,99,49,69,49,106,122,81,122,87,69,82,100,51,57,48,88,69,97,81,85,88,82,120,54,82,90,84,100,86,69,84,84,51,106,122,86,74,82,83,99,101,54,85,86,88,112,112,51,82,51,77,106,82,57,68,71,85,69,81,114,51,48,99,88,122,51,88,107,108,82,88,82,82,78,122,51,34,78,85,82,69,76,69,74,68,52,90,82,82,101,54,78,57,120,77,90,78,120,78,88,69,50,82,69,82,85,84,10,78,84,88,84,48,81,69,71,85,116,48,88,99,99,69,120,69,53,49,78,49,108,120,48,84,82,87,101,84,112,86,77,69,99,120,120,110,98,48,85,48,51,84,69,84,81,51,51,86,78,84,84,85,54,82,69,84,100,50,69,107,51,100,99,84,69,71,101,48,84,84,119,74,84,81,107,83,84,120,72,122,120,105,78,120,66,110,122,77,68,78,49,100,82,86,82,100,82,122,69,100,51,85,82,77,69,88,84,70,99,122,86,70,51,57,99,87,86,104,100,122,122,90,84,69,81,100,84,57,82,101,69,69,69,77,107,100,80,48,85,77,71,54,112,85,69,111,70,101,77,82,99,69,79,82,79,77,53,78,51,48,34,82,84,69,54,77,69,112,82,77,120,77,84,110,84,108,88,69,84,51,100,82,77,78,104,89,77,84,101,97,122,71,69,57,51,108,110,51,84,108,78,77,122,101,108,84,122,108,120,77,82,48,71,120,49,84,69,86,48,48,71,77,81,87,99,78,101,57,90,88,51,122,82,84,84,69,99,48,114,120,107,120,122,120,78,122,84,122,82,49,107,82,122,99,48,69,48,97,66,80,110,100,88,70,51,48,85,78,82,114,82,86,86,49,69,69,53,78,78,54,71,100,99,99,51,69,80,107,114,69,82,84,106,122,119,108,117,84,86,69,52,78,78,48,82,107,122,120,120,90,99,107,57,108,82,79,120,90,83,109,78,114,86,84,108,48,88,82,84,78,100,100,85,78,99,69,69,85,86,82,69,53,99,78,71,88,82,107,69,109,108,101,49,51,69,110,78,107,99,101,89,112,100,48,99,68,78,84,69,86,122,85,51,108,84,53,104,69,122,99,100,112,82,100,84,82,78,32,85,85,100,70,82,110,53,70,53,122,100,100,108,82,68,82,52,88,49,48,82,51,69,66,87,97,86,86,54,85,77,108,100,49,82,108,51,120,79,87,69,78,69,88,90,77,49,84,88,84,48,66,122,86,84,101,100,120,86,100,74,104,49,69,85,90,122,51,69,101,102,57,108,54,97,88,82,85,48,78,74,84,119,70,109,78,48,90,57,51,79,110,122,122,78,102,69,88,112,74,82,97,69,86,90,69,86,110,69,78,100,122,48,120,57,86,54,78,49,85,84,99,82,84,120,69,52,52,99,99,48,48,49,88,78,101,70,71,77,101,54,100,101,78,51,74,51,114,77,79,86,78,69,84,87,120,77,69,79,82,84,84,122,100,101,78,104,86,79,78,82,82,105,107,48,51,48,99,107,101,78,99,48,84,70,120,78,69,84,66,85,97,70,100,101,51,69,82,69,86,54,122,100,106,122,51,108,84,48,122,108,69,82,78,69,84,114,51,99,77,10,101,78,122,99,85,122,101,68,78,77,78,69,88,108,70,107,70,77,86,84,51,69,78,48,80,78,88,78,50,86,84,69,78,122,82,48,82,51,53,100,69,49,90,48,69,112,69,85,78,84,69,77,122,77,84,100,101,100,51,99,120,51,53,68,86,77,57,82,68,69,77,122,70,49,78,77,101,82,86,97,74,48,51,107,100,84,84,82,70,100,69,82,120,110,82,122,57,99,85,99,51,107,86,69,99,69,107,88,78,51,89,71,51,78,66,84,52,78,78,86,78,51,78,122,69,113,104,48,51,82,52,78,112,69,122,122,88,55,70,51,100,69,70,100,81,98,120,78,71,48,48,51,81,78,104,78,48,84,82,57,122,84,82,82,83,78,48,52,69,100,106,82,80,84,86,82,122,82,122,77,77,100,89,122,79,78,71,120,109,84,78,51,120,101,84,108,53,110,77,84,53,109,51,84,77,49,84,69,54,82,89,69,104,49,51,78,48,56,84,77,109,78,100,53,48,99,74,88,69,69,69,116,78,48,86,69,70,48,69,88,122,108,99,100,69,88,69,53,110,89,82,110,88,77,49,83,78,112,51,122,51,71,49,69,90,69,104,84,100,88,78,85,80,51,108,101,110,99,99,79,69,69,69,85,53,48,101,82,84,112,122,82,78,100,100,90,51,114,122,53,75,88,85,82,120,81,86,77,82,84,84,122,78,112,85,122,69,108,70,51,120,84,89,99,78,77,104,70,56,78,53,69,51,57,106,99,66,97,51,82,82,78,48,77,52,112,51,48,109,100,59,69,77,48,108,84,86,110,99,84,99,88,122,77,121,51,112,99,100,79,86,100,78,84,108,86,51,69,107,110,70,51,79,49,78,114,110,78,101,108,88,48,80,101,69,82,57,78,108,88,48,70,53,85,51,71,49,85,49,70,73,122,77,106,100,77,88,82,86,88,84,51,49,78,99,52,82,88,71,86,88,70,51,69,69,109,110,69,48,53,113,97,53,49,69,48,122,101,100,90,82,77,116,69,108,69,101,120,86,79,84,77,99,53,109,51,81,78,100,120,86,82,78,77,78,122,69,82,100,120,101,51,69,105,84,54,84,108,78,48,82,107,84,120,112,120,53,48,101,85,88,71,84,88,77,10,101,84,101,70,77,122,82,82,122,122,97,71,80,107,77,51,100,82,101,85,51,88,88,99,84,122,89,84,71,69,84,84,107,86,122,78,48,99,74,69,108,77,122,97,84,86,84,69,69,122,71,109,84,83,51,69,86,88,84,86,70,48,106,69,100,77,57,53,107,77,78,71,100,86,89,69,122,122,54,109,95,51,82,82,48,69,82,79,48,86,49,78,122,107,100,49,88,101,48,107,90,90,79,80,79,120,51,69,78,48,74,78,69,90,97,101,122,69,49,99,122,99,83,79,69,48,101,88,107,88,51,51,104,85,114,84,100,112,53,78,120,122,100,49,78,84,85,84,99,82,77,103,51,77,79,108,112,88,114,69,74,51,100,84,68,48,77,48,82,69,78,69,78,51,82,85,99,99,74,82,49,77,107,57,100,81,100,57,54,51,82,88,48,84,99,49,110,48,100,82,77,70,52,82,85,84,74,122,53,100,90,122,70,85,51,49,107,85,85,100,57,78,85,50,104,49,84,122,122,108,120,82,99,51,100,82,84,70,71,78,51,78,86,122,101,88,90,51,108,69,69,53,80,69,82,120,78,107,51,82,69,100,100,69,116,86,112,68,84,68,120,68,99,86,84,84,51,51,77,77,122,99,78,82,53,90,69,51,114,78,84,82,71,107,83,49,99,122,66,54,82,77,100,86,86,84,86,74,52,53,100,82,78,84,106,100,48,90,72,116,110,90,78,74,84,69,78,101,104,82,110,85,50,77,85,49,70,88,66,122,48,100,57,69,77,51,88,51,78,99,99,108,122,48,71,66,82,84,84,82,100,84,78,84,77,84,100,84,122,97,122,82,99,66,48,82,89,74,84,84,51,90,122,70,78,112,81,82,69,70,108,86,70,53,110,53,71,54,48,108,80,82,78,48,51,78,122,84,90,120,70,78,100,48,82,85,78,78,101,78,82,82,88,49,80,69,51,120,107,82,84,112,78,99,49,122,122,78,85,78,86,85,48,77,68,70,70,82,98,51,88,99,48,48,48,95,122,84,81,112,50,85,83,100,108,99,112,88,69,51,99,82,82,84,100,89,122,48,77,51,70,122,100,103,70,51,53,70,69,70,51,88,39,82,82,99,122,69,88,53,117,99,71,88,69,120,120,78,69,82,48,101,70,84,88,82,69,53,70,101,54,51,82,121,51,82,82,48,52,112,51,99,102,68,108,85,108,110,78,48,84,71,78,85,78,99,69,122,77,51,48,66,70,84,110,57,100,86,78,48,85,81,68,120,48,107,120,99,70,51,78,48,82,90,90,51,80,122,69,107,84,53,69,77,53,112,100,108,81,82,84,86,84,57,78,49,48,69,101,61,77,122,82,112,51,122,82,69,82,88,48,48,85,107,53,69,53,87,101,101,82,48,104,51,101,82,74,86,89,88,78,82,78,57,77,78,77,78,108,69,79,86,107,49,49,90,79,51,48,82,78,84,120,89,53,82,48,84,48,82,86,48,100,101,82,86,109,107,88,78,99,120,79,51,48,68,100,48,78,81,51,110,120,87,120,77,51,110,86,53,120,48,77,107,108,99,88,69,70,105,100,32,84,78,84,100,99,77,88,120,69,99,69,77,84,77,49,49,108,122,84,48,108,90,48,68,108,122,51,70,53,51,78,51,84,100,51,122,51,106,84,57,99,81,101,78,48,51,53,58,48,82,86,100,48,70,79,99,107,84,78,110,52,69,51,69,84,97,84,97,71,101,53,77,78,77,82,101,120,48,82,122,52,82,114,71,32,69,120,82,53,69,53,84,77,85,107,80,84,78,77,116,78,66,88,88,51,99,112,84,99,100,88,51,51,51,99,120,87,51,85,122,85,108,119,100,101,69,70,51,77,78,112,51,57,88,84,120,70,51,100,112,102,84,84,70,70,70,99,122,122,77,78,53,100,122,120,81,77,86,99,85,71,51,88,48,99,84,110,69,120,120,71,86,100,69,53,100,79,101,66,120,84,82,48,100,77,84,90,69,53,70,85,85,80,70,99,51,54,84,95,48,110,69,82,108,51,51,99,49,78,48,86,99,90,122,52,69,88,106,81,82,49,82,78,82,53,49,69,99,10,113,81,78,100,51,84,82,82,32,82,100,83,81,69,101,100,112,84,99,99,77,81,77,69,48,68,51,78,71,52,61,122,70,82,84,77,99,122,81,51,122,88,51,69,112,48,120,84,69,80,53,48,85,97,49,108,120,112,82,88,101,110,78,122,68,120,82,120,122,82,48,51,100,48,107,48,80,69,69,51,69,51,51,82,101,101,78,107,82,69,84,84,69,99,97,86,85,70,69,78,48,110,48,107,54,88,84,108,66,97,84,51,51,84,120,85,69,88,97,101,82,69,69,69,53,48,84,112,49,122,68,84,86,53,116,69,100,120,49,86,100,51,108,51,84,71,78,120,78,89,122,85,78,78,97,53,87,51,85,100,82,99,48,88,48,69,107,49,100,78,71,82,78,84,86,51,113,82,51,69,51,77,122,69,78,122,48,49,48,51,78,78,97,82,68,68,51,85,69,84,81,68,70,120,51,122,51,69,88,46,88,77,34,78,99,122,78,106,88,86,51,39,122,85,82,120,48,99,100,78,79,84,112,104,77,49,100,100,111,99,69,101,78,78,107,48,69,90,86,84,81,122,78,86,122,49,88,78,108,102,114,78,70,100,82,66,115,88,88,85,69,82,84,78,78,48,78,48,79,97,51,71,122,108,107,120,66,49,49,101,84,51,85,68,70,88,82,82,49,80,49,100,78,78,78,86,53,82,81,122,49,70,88,84,84,100,49,116,90,51,70,85,101,84,88,51,120,82,78,77,90,54,51,100,84,84,51,71,51,69,53,53,70,88,53,51,110,100,51,99,68,69,51,77,49,78,51,48,51,51,77,85,82,69,88,120,79,32,48,101,106,88,88,110,101,49,84,100,109,77,82,70,101,113,82,48,122,71,97,78,122,78,69,68,53,107,78,84,106,120,122,82,84,53,86,99,82,108,54,50,48,69,69,69,90,78,77,66,99,100,84,101,89,88,78,80,122,107,51,82,108,79,122,112,69,99,81,69,53,61,69,108,51,122,78,68,99,53,85,82,54,84,69,78,122,120,100,82,78,82,88,84,120,48,78,48,120,88,51,86,84,82,51,48,71,41,99,107,54,70,88,51,112,68,78,100,51,49,32,108,120,110,82,78,53,82,120,84,82,99,57,48,77,69,69,77,100,82,99,120,79,77,78,84,69,70,82,78,77,99,122,84,69,74,85,82,120,51,51,100,82,120,88,49,122,48,50,77,78,69,85,82,100,70,122,100,51,55,84,88,51,85,54,86,84,87,82,78,120,51,79,112,51,89,83,82,98,51,84,84,82,84,78,85,70,113,51,69,57,74,78,78,85,82,77,77,77,48,85,99,88,88,108,48,90,84,122,99,49,122,49,78,85,81,48,53,84,81,69,84,88,78,48,51,100,53,120,81,51,51,77,53,78,122,99,70,88,69,77,120,86,78,89,48,120,82,82,100,85,79,48,77,78,57,95,57,84,71,51,84,84,99,107,89,69,122,122,85,48,78,82,69,32,99,54,48,109,49,51,69,88,69,78,82,78,85,77,77,51,108,108,69,88,78,84,69,100,99,82,52,81,112,54,84,79,69,81,109,69,108,68,101,53,85,84,102,99,51,78,78,74,108,86,82,49,77,109,120,122,78,69,82,82,105,107,114,48,53,112,108,68,108,99,104,82,67,100,77,69,82,57,78,69,122,90,87,86,82,82,90,110,49,51,53,85,88,120,49,82,84,85,98,85,78,100,53,86,80,122,97,100,101,120,71,90,120,69,54,122,69,119,99,84,122,99,69,109,79,100,48,97,114,78,99,115,122,122,122,78,69,49,107,49,48,101,122,85,84,110,82,68,87,99,99,84,70,85,90,78,77,69,57,120,90,78,87,88,70,57,81,100,84,51,82,82,84,106,101,82,97,109,107,57,88,84,81,78,86,85,99,116,53,100,78,53,49,69,122,122,120,50,77,88,49,57,101,66,86,84,82,122,77,48,120,69,97,49,110,41,85,71,85,85,108,79,79,84,83,104,78,99,78,68,48,69,101,119,49,82,112,51,70,48,51,122,70,84,82,77,48,100,84,84,77,82,51,66,78,86,101,48,88,48,78,40,78,51,99,100,108,84,95,107,120,81,110,48,69,51,51,40,53,122,120,49,114,68,85,100,120,53,88,82,97,85,82,66,49,69,57,70,107,48,90,86,86,112,68,88,82,49,78,71,51,100,122,70,48,71,78,122,78,69,77,78,32,99,70,32,88,89,86,84,114,71,84,107,78,122,69,78,99,99,100,82,100,122,77,82,79,85,51,108,69,78,84,69,57,106,34,100,71,79,97,108,51,84,80,97,82,110,107,77,116,88,77,100,48,110,82,78,69,88,68,107,53,51,120,82,85,77,107,99,99,121,77,112,84,112,77,78,85,51,77,90,84,86,51,120,84,84,77,85,57,86,70,52,48,78,48,88,116,51,82,110,51,114,81,82,77,87,78,80,71,122,78,85,84,48,51,86,74,84,100,48,78,86,88,85,49,89,78,122,82,82,110,122,106,78,53,120,77,120,101,82,84,85,84,84,48,80,84,48,51,82,82,84,86,68,100,84,86,82,77,85,82,78,69,48,48,78,69,78,97,82,120,78,122,53,120,90,48,84,101,77,78,107,86,82,99,97,84,82,84,122,120,84,78,99,84,77,101,71,69,100,82,101,99,51,51,88,73,69,51,85,82,46,77,69,107,78,71,116,51,78,69,82,69,78,88,82,86,84,122,100,85,86,90,99,88,86,100,49,84,99,84,88,99,82,99,84,108,69,78,122,84,97,85,51,51,78,74,78,85,77,88,84,82,51,84,69,69,101,70,79,69,48,78,97,107,100,107,77,77,114,122,82,48,83,69,48,89,82,78,48,69,69,78,86,78,110,48,88,101,122,70,80,99,100,84,77,77,100,82,100,78,82,69,50,56,48,101,51,68,53,53,69,84,71,107,69,78,101,78,108,100,84,107,48,84,120,78,32,87,90,122,53,107,78,78,44,87,69,51,82,51,51,68,120,86,84,82,54,85,81,82,69,84,78,84,78,69,112,86,84,78,48,95,53,101,53,120,70,85,51,85,82,48,108,70,89,53,82,49,122,100,82,85,100,100,85,79,84,99,81,78,120,78,84,84,82,51,51,51,100,90,89,122,99,86,49,32,84,82,77,122,51,84,69,78,74,74,85,84,90,122,74,77,100,69,48,120,51,51,81,82,69,83,108,85,81,106,86,48,69,34,88,83,69,54,70,77,84,84,69,82,78,82,69,77,120,51,50,122,74,122,122,69,71,122,84,79,100,77,122,51,48,48,100,97,82,106,85,70,122,112,77,82,86,80,34,84,49,51,100,84,99,99,51,78,120,114,69,101,48,77,99,49,54,48,84,97,70,82,101,78,110,122,48,97,84,51,100,101,108,120,107,85,84,48,100,82,78,108,49,110,54,86,101,100,57,86,88,69,69,112,84,51,78,69,122,74,106,78,112,87,107,82,51,85,48,101,51,100,120,69,116,88,100,82,69,51,78,74,54,82,99,87,78,88,78,110,84,81,111,112,89,97,107,48,89,48,78,82,84,98,78,82,108,101,69,122,40,78,51,119,78,49,88,99,122,84,90,74,78,122,66,122,78,99,48,84,84,48,112,78,108,100,53,51,51,85,71,80,51,78,112,79,122,53,90,122,82,48,69,48,107,85,49,82,78,99,77,77,83,69,122,90,66,84,84,48,120,120,68,108,86,71,82,82,51,78,122,69,84,85,80,53,70,51,71,69,86,114,69,78,100,88,122,69,51,97,104,88,51,81,99,44,89,108,85,77,100,110,70,82,82,84,32,87,79,51,82,82,85,49,88,120,122,78,112,90,82};
local _0x0c00a2f5={422,1159,3551,4189,4777,49,1827,1347,5286,6594,1306,7181,2142,6638,6728,659,7407,1699,5545,7357,4906,3888,2218,3311,7171,2848,1068,1722,1724,2461,7188,568,7211,1594,2275,2129,2998,6631,2124,6694,2476,1408,2758,2508,1648,6201,5274,905,481,6019,3973,4565,4338,4767,2496,4820,6383,2699,4265,3615,6104,3736,5210,3912,5883,3561,3232,3602,2351,5634,2972,4498,4148,319,391,3745,956,3104,7105,5824,2971,6469,4140,2784,2141,6479,5418,4136,6646,3710,2637,2817,722,5536,2023,3682,4920,5704,4153,1464,2986,1337,3175,343,5364,5524,4045,5217,6333,1901,6016,2719,5229,1478,5035,2584,2607,1046,2277,5076,2781,139,4846,6322,3926,7384,7415,1551,4745,927,1472,114,542,5500,5410,589,4633,1269,1207,7180,5699,7351,3923,297,5971,5575,7101,1766,1513,6304,2298,6780,4812,836,5600,2,1490,4492,6724,5618,498,4786,5657,164,5755,1925,6457,6055,6614,7242,6242,7551,3344,461,4595,2799,6278,6778,1750,2390,3854,925,3855,5366,4800,1376,5501,3133,6846,5810,3168,7156,4956,1149,1579,1687,2082,7276,5552,6163,329,2755,5451,3700,4689,631,454,5224,3793,6849,2054,250,2193,4720,7580,6623,7294,6412,5636,2304,5250,1921,848,710,7572,3098,110,2861,5182,2551,7173,4655,3186,1612,7529,3284,6840,830,4364,281,1450,2738,4560,5316,2463,7359,1504,6054,638,2941,5230,5941,1784,2712,2670,1751,1870,4022,4098,2580,2052,1979,2812,5114,6312,4840,1059,828,261,3721,2199,3049,4674,7311,2574,2750,6942,4054,6359,4825,5218,2530,7582,6053,7247,2069,4298,5100,6246,574,1401,2970,2679,4245,1409,2620,4863,6733,1241,4282,2113,2506,3138,5899,784,4626,3208,6525,6108,206,2875,7088,2558,4238,7052,5993,1137,3792,1331,753,3589,2273,1107,1767,2197,7432,5722,7550,4013,3961,5176,280,1429,5003,2010,931,5375,1667,3173,4600,5714,6749,6433,3726,3081,286,2122,3889,1761,2893,2265,3849,3897,4830,3443,6122,4494,57,5090,5852,2353,6771,6628,1686,1726,238,1032,3627,3619,2606,4717,446,517,4091,4291,6018,5631,4929,6032,33,1886,2579,4566,5057,3794,649,6296,5062,7461,3022,4317,7525,4798,1621,4903,4648,491,5758,2959,5272,7454,941,6952,6734,3894,2044,6447,6963,3893,67,6522,7015,5428,341,5611,316,6534,6405,1402,6363,5894,1129,2349,4411,5939,7394,7263,5195,6700,538,4630,6571,3882,6444,2102,5474,6211,7456,1557,2843,5961,1172,5432,7224,7406,1041,562,5661,6148,5731,2251,2062,2378,1700,7421,1532,6804,7528,688,2180,2108,6189,6093,4467,7428,1280,5155,5148,5004,2785,3261,2827,1028,913,6826,3611,7565,5767,2385,7519,723,1042,1193,2138,5403,1176,4748,1665,303,3868,6649,3604,2487,5038,1922,4638,6791,4371,1912,3039,5221,1036,3992,439,3514,6725,6699,5849,7145,5075,76,772,6589,6197,2196,4312,2184,951,4548,3219,181,5117,2244,1250,4221,2495,5518,2348,4881,5283,5379,6489,4159,2439,4425,2980,6497,3014,1433,4874,6867,5547,5188,2252,6070,1772,2915,2949,7320,4463,3503,819,7140,3532,5662,3686,3887,5066,5720,1890,3780,7179,5854,338,4215,5280,201,4568,1520,4096,7474,6227,3642,2437,3447,5069,2285,5918,6105,1878,1730,5014,5583,157,1616,3935,6630,1723,6210,7269,2119,3386,6706,4921,1558,5981,3118,1507,2852,7348,623,7144,643,3873,4999,7475,660,6790,3746,518,650,2447,7488,2232,1577,3915,6474,5947,91,3354,289,4954,6937,4827,1833,7446,3519,7197,1576,863,7400,2705,4948,2523,7515,149,1293,3727,7,5592,3673,809,5616,402,2422,4541,2698,5326,4182,3328,2153,1987,3808,2603,354,4901,3199,4551,2186,3628,6076,198,3608,2948,4354,1592,161,2080,5353,1009,1179,5522,1156,3715,1021,6099,5081,1138,5417,2594,6038,1381,4290,5384,747,2448,2473,3967,3298,5709,1639,5285,7107,1229,6004,7141,4173,7427,5445,4742,5599,4844,676,595,7044,5184,6138,2765,4977,4589,829,3817,5122,1045,7277,6569,1654,1854,6891,4958,4615,2107,2599,4574,918,1835,7305,1709,7042,1693,2710,7008,4162,6660,5244,3272,4727,6047,6689,5817,5924,989,4389,3268,4057,2168,697,1801,2707,1973,1498,6936,4603,4111,1906,7090,1007,5142,4572,5497,6385,1473,1288,746,3663,4851,2925,3816,6715,3963,5337,2626,703,3468,691,5160,5494,5398,2063,6071,361,4951,5904,6205,1470,4905,6929,2217,903,3459,4696,7065,1497,7147,5590,5671,7252,4738,4710,6972,3492,2356,1618,5226,6347,1447,5649,3009,2417,5371,3381,6577,3675,560,5019,3083,5610,5841,5249,77,2634,2979,1745,5765,4964,2929,6834,2995,900,2429,501,1572,655,3253,5296,2766,3953,118,6889,6034,4981,6676,2517,2324,3510,272,5331,656,2335,4821,1898,1803,337,5239,2235,5948,6134,7416,5161,5102,1206,6993,3732,2182,318,7313,5641,6535,1573,2387,4625,6777,1935,3060,5942,1267,2258,5945,1375,1351,2692,2963,2521,63,6979,5021,6513,4649,345,4596,5166,1374,4952,4466,7463,6761,5386,1332,93,3940,331,3719,7464,892,506,5344,3262,6084,2743,4856,2906,6119,618,5039,1671,3928,856,1644,609,4666,2027,525,5873,3633,4011,3729,7093,2937,3741,4591,4067,1195,1094,2865,3528,3279,3526,445,3618,1813,7507,5550,4635,4619,5729,7499,5786,2059,10,7024,1216,5008,3106,1340,4936,344,1144,6720,4837,4462,3209,1054,4469,3475,2764,2325,4794,5135,3572,5658,3638,1166,1245,5179,5358,739,2019,24,805,6996,7279,4166,4378,4796,3249,6002,1831,1334,4339,3788,7345,704,5461,7185,4084,949,4658,3825,6881,2085,4944,3034,4909,3802,5240,2808,100,6176,4534,4949,1048,6397,6527,4673,1516,806,117,5623,2068,3190,7521,2667,2504,6129,4274,2585,5491,6956,6561,5297,4432,5677,6988,2116,1479,3212,1620,2158,3286,1800,5558,400,5806,3158,6691,4692,5672,3116,3411,1850,4694,2398,412,7360,279,2074,1672,5951,200,433,5833,4826,13,5826,1434,3834,3847,5466,1552,5555,6301,3396,2287,1336,5282,3786,1936,2804,795,4776,5842,5143,6271,1626,3677,5449,5581,6049,4246,5909,4277,2931,6338,2713,761,3437,1548,192,6477,39,3304,350,7317,4899,3857,7159,824,5724,1330,21,6576,1712,1435,1977,3273,4640,2999,3331,4857,3985,2762,4667,4497,7375,2578,484,4353,1474,1760,1117,3646,2140,4230,3197,6257,15,4020,5751,4141,3699,5660,2344,4527,5276,5638,4163,600,5711,7386,1675,4676,999,581,53,3243,1050,968,7127,6565,3543,2733,140,1212,953,5263,4201,3438,4457,3925,35,706,2947,3011,3191,5548,2045,2706,4105,2538,803,3507,3498,945,5897,559,6139,5391,5381,2170,5633,3767,5848,3188,6245,3814,3351,500,3876,6180,1037,3042,4429,6188,1368,5419,6975,5136,3902,904,770,1432,1873,1647,3254,5879,1763,4559,1738,6795,1123,2891,6475,6402,5974,3842,4885,5736,3603,1530,5431,2828,3674,4082,1690,6307,3250,4122,7204,7170,1091,1540,1556,6015,5024,6830,3787,263,523,550,1486,2088,1968,2227,6574,3030,634,1300,1487,1860,3277,2535,1344,6968,698,4048,5716,5132,1869,7100,3112,1289,1598,1596,194,5855,5341,142,5352,1423,59,3959,2095,6346,4872,3753,137,5490,5470,6748,4401,6410,1404,4479,2726,743,1275,6573,3891,6609,3072,2556,7021,2093,1566,2337,633,629,6270,3407,2404,7232,3697,324,6196,4055,7417,2490,5768,5596,346,2636,3692,3301,5902,1954,4311,5383,1859,6722,6709,2892,2403,5236,3698,2303,5881,2215,6854,7367,7060,6824,3117,2778,4914,66,230,3405,6263,3066,4679,4453,5350,48,4269,6112,4697,2629,4477,2408,1056,7567,6584,5812,4305,3357,7285,4930,3622,5996,4315,4138,4817,6448,2651,799,384,5713,7513,240,494,6523,7097,651,4637,1307,2582,6001,3763,7524,6427,736,4388,2096,6601,3417,1192,5597,4262,974,2436,2046,811,3294,6769,396,5222,3274,4644,1428,6871,2099,5822,3154,1055,5181,4504,6237,97,2592,884,3711,1855,3073,3276,3179,2555,553,730,537,3096,2373,6321,255,4937,3864,4895,3026,3950,4279,6461,552,3777,1209,3193,3006,5036,2169,7022,899,1588,6731,5110,6254,1261,4211,1279,2061,6970,2484,6781,5307,3557,3593,4917,3784,4393,6617,3464,1989,7409,6874,3028,4383,5984,6864,5727,7259,1914,6369,4242,5477,6680,4773,1185,6406,1826,4174,7520,6965,857,5482,2686,5967,4373,1536,2179,3981,1348,6044,4219,647,4115,3024,5624,7558,1943,4841,359,407,1876,5829,258,4969,4050,2519,1074,5608,4010,6610,1310,1163,3896,4491,5952,2033,1286,6261,2718,6927,4677,3236,6289,1350,5214,2894,1962,7324,1025,6580,3204,4198,6918,1608,7402,1927,2323,3911,6546,1102,3222,5420,95,410,2157,302,6277,4266,1043,2043,6842,4340,2650,1924,5339,5248,6645,3136,4928,914,1214,2007,1361,6570,6838,3213,6066,3147,1208,3815,4259,4695,1808,2423,1237,348,3936,6091,6821,3334,3856,3581,6962,4440,1148,5541,4799,5622,205,2272,4612,6637,5291,4902,1720,1217,293,1099,2957,278,2668,2567,3588,4263,3480,1071,6395,2066,5300,3256,2314,3563,7556,1258,6275,3269,5277,188,3409,2512,1629,3639,2194,768,7547,6379,1632,1679,2696,4012,4853,85,6985,4001,312,5930,2466,4485,6293,134,5835,1359,6213,3113,6770,3795,719,3714,4725,3691,1958,4251,4535,728,7134,6811,495,2036,3951,3993,256,2058,5779,1874,7195,617,42,3257,3592,4450,7172,4053,1296,7106,1851,4489,6758,5363,1502,1905,4178,3716,3667,7222,5994,4708,1753,4170,4791,378,5728,2055,2420,5321,6536,1574,282,368,4248,549,1543,1790,1879,6494,6816,3658,3655,1734,3342,7399,3871,4620,7498,6221,4227,2280,4955,6420,993,7160,2078,1419,4933,1542,2537,4204,5000,802,2396,4107,6933,1218,3782,6843,1749,6484,2433,3015,2001,315,418,6037,1053,6658,7009,2834,4444,6096,4352,7473,5840,357,6782,3449,6500,3542,4030,1461,578,1089,5111,1769,6075,700,6409,116,5976,321,2617,3761,5241,4205,1153,7532,5693,3271,7581,4351,3828,307,2821,4280,5198,5839,967,879,1030,6486,1609,2114,4774,147,7153,5512,7128,6621,5665,1518,3861,7045,6898,4249,798,4947,468,7249,4819,204,4220,5628,3102,860,146,3355,12,771,1545,5747,5862,7358,1133,6611,3399,3296,7411,3597,3337,2110,601,2545,7568,2452,6317,2641,1549,776,3550,1471,2248,2905,1684,7584,3427,3653,3064,2025,2456,3336,327,64,5402,564,3067,7019,2774,1587,4066,6810,3669,7273,7388,4609,5011,3446,2376,3778,6378,580,7296,4953,145,7168,526,6332,4675,1110,1240,1883,3092,1253,7438,6913,4235,988,4754,7218,4797,453,6839,5836,6429,472,3043,1281,5586,510,5742,1858,2952,3139,1525,2502,2815,915,5055,2149,2839,3740,4967,3440,4146,3010,7043,2618,4980,7387,1824,1164,6743,5094,6234,4842,3513,3875,2704,2927,299,6259,6121,640,5796,7217,4458,5960,1522,2042,3547,3166,1845,1342,4995,3362,4438,1562,6757,4907,364,490,4334,1601,274,783,1976,5530,168,3728,6337,2635,6899,7309,3485,871,509,4750,6366,5471,305,1414,713,939,887,6313,7103,7033,5743,6239,6704,7245,7341,1725,2988,1189,5319,4682,1400,3410,964,285,3656,6330,4832,3535,5784,2133,4618,1425,1152,2780,4422,725,5400,5872,5197,475,7333,4325,5702,43,4561,478,7376,395,5764,2564,7300,693,3178,2751,6007,1162,3316,1177,6675,5387,6555,3966,5906,5311,7343,7481,866,4493,4349,6999,5561,3481,4685,5202,5016,6009,3282,6692,4971,29,1011,332,492,5719,7458,165,1570,1378,1322,4155,1981,825,7270,4278,611,7112,497,726,3080,3762,3994,6373,4670,3263,6222,2725,782,417,5158,107,4575,4077,6040,7391,5619,5279,7177,2863,3806,4214,493,6318,5576,5150,7299,4888,1169,3465,654,414,3554,1815,1014,4332,3822,7301,5614,6046,450,6298,4455,251,7585,1320,5194,6711,5260,877,3194,1493,128,2749,5775,1373,3165,3488,4222,2160,1345,3103,1780,7491,2611,1484,5485,6719,4545,2308,2366,922,7131,4896,444,800,2676,7050,6678,5453,2409,239,1067,3541,124,2913,174,4752,1603,7040,4870,3939,228,6783,4959,7502,3591,5228,1664,5560,5508,3956,4473,6273,2741,1489,5467,1810,4883,4300,469,2878,1065,3490,1183,1255,2198,3356,5476,3289,893,3218,5045,7130,1394,7048,2736,1814,6142,3079,5830,6183,3484,707,1891,3707,6308,5723,757,2195,4751,6212,3631,3359,2976,1294,6154,2072,3463,1190,4839,3149,628,4361,7138,5335,3379,2354,6915,3998,6294,2381,7158,2283,5407,3017,2660,6,3135,2715,5843,5970,4137,959,5929,536,434,3506,7120,5527,5084,314,5022,3494,521,269,1590,1651,5594,4009,5612,4144,3380,2202,5639,3127,4196,4360,5243,5697,620,309,3333,7476,7051,561,695,7012,5814,5772,4071,252,5890,4704,6267,3988,4950,7424,5905,5880,544,6788,565,2933,6907,4367,2978,3461,6269,5315,1903,1965,7139,3016,1049,1101,2541,3586,2581,3768,7483,2932,5496,4645,7114,4735,52,1265,7420,2259,6451,3155,5422,2178,4007,4927,6225,4336,3324,6403,6454,886,5674,233,4000,2392,4355,4538,1853,1788,4564,3211,2609,1108,7151,1567,7187,7272,6131,7288,275,5125,4877,3451,7034,7449,4848,5884,6372,969,6779,4307,7209,557,1786,4056,6387,2790,264,1830,3089,5459,6718,1550,6229,5962,4818,427,3242,5421,5956,5488,3583,6885,6258,2561,6303,5968,7157,7229,6685,6540,5456,5718,3995,2787,1223,5037,2627,7000,2786,5147,7555,4018,5292,3400,4424,3466,6288,2319,6562,7314,5750,7492,3428,170,2190,3650,6533,2297,3430,2939,1746,4304,2386,3291,1232,1553,3047,928,2990,2254,3045,874,3702,4434,807,2876,3143,4621,849,2639,4975,6530,7497,632,6230,7442,2309,4587,577,569,3051,6173,754,6491,1410,7032,3565,1957,2694,7110,394,5131,7010,3562,2842,7265,7146,1964,6668,4833,7393,5923,2455,7460,6984,2250,2950,1482,4501,351,7292,3706,5164,6995,7557,6111,4475,186,2514,3567,3579,7586,1349,7562,5916,2426,4285,7574,6198,2393,7414,1509,6063,5089,1593,3930,6674,3474,3830,6480,1483,3101,1676,2234,5819,4824,7365,1535,2279,3845,2020,1139,3121,6045,2289,3457,5955,2341,5917,1466,4004,4785,3758,3300,6065,7495,3530,2065,6083,1439,6549,2887,1710,3502,672,4372,2793,6048,5834,5178,5510,3285,5489,7071,4943,7439,2391,5715,7554,3945,6152,4761,6901,2616,5760,5615,5821,7544,3536,3649,5174,3185,6341,2380,6703,225,3378,7196,6042,6829,979,1953,1834,1316,1637,1271,5989,2261,6382,3500,2187,2910,4556,4900,752,5360,7440,7129,6619,7298,5863,2208,1033,3499,6560,4102,1274,5430,4442,141,2162,3661,1116,4264,3423,4702,694,2321,4428,2552,4387,5937,3785,5823,6541,6425,5741,1147,2824,6394,5450,2661,6438,4734,869,3544,1075,2807,6236,7016,7235,7005,7325,6348,3866,2322,3288,4374,6538,528,909,4260,878,3670,3705,6563,5676,2674,845,173,4605,4807,2209,2756,998,2499,2318,4384,3252,2008,7084,6252,2239,2977,5483,7452,121,310,4590,4836,4433,3248,911,486,5346,6507,1200,2327,3688,1756,6051,2956,5985,7190,3836,3001,1923,376,1448,1613,1660,411,2485,1390,5233,151,3471,7589,5865,5208,6041,5802,6653,6440,1430,7494,1205,2470,463,4513,7111,675,5567,3664,7342,1443,3974,2550,6558,5060,3943,5549,3369,26,1276,3326,3281,7102,5071,1544,3141,4040,6470,6986,1311,3027,1457,3450,5540,3040,6496,4412,267,2645,5957,6616,3462,1864,1259,195,667,3363,6404,4766,2207,3320,950,4580,3796,5739,413,1969,2127,7486,245,6741,4939,4707,6241,375,734,304,2788,4451,1365,4526,6311,4911,3415,5532,266,2871,1917,3293,3555,7459,6516,4097,3052,2798,6532,1118,3559,2471,5837,5010,5349,3908,4608,1072,3373,2211,6206,7001,2418,2359,4381,1797,428,720,2916,5659,6954,3196,5998,2156,1739,442,1225,5317,3982,6544,187,32,4686,2524,4716,7189,482,4404,5975,5888,3302,1301,2919,169,7379,4991,2328,3516,4546,5268,7471,1220,6893,1496,2666,479,6672,7380,6794,2330,4060,6564,5811,6431,7208,4986,3152,99,6262,1370,820,3739,2601,6765,4765,1703,5999,1698,3069,7013,6416,6599,7588,4571,3846,3358,2212,347,2081,5584,3487,356,2944,2501,4784,1135,6329,3999,983,780,5092,5452,6147,1781,3831,985,5797,898,5920,1016,7530,1694,5009,3826,4408,2728,6340,5927,2128,5915,6739,3799,3388,401,4203,159,6971,3403,4008,1785,5701,4019,515,6343,741,7039,2951,1341,7504,590,7194,4528,2317,2210,4688,4006,4365,5308,4106,2375,6890,6764,236,6151,5050,4946,7455,1202,2159,3752,4614,3540,7213,3996,773,7431,1742,4507,683,325,2146,4213,5206,591,4124,1204,5266,2662,7418,2795,185,1031,6654,1796,4267,4362,1385,6742,162,7091,963,7123,5505,3920,5710,844,554,2546,6827,1819,4631,4806,5112,2631,4668,477,235,6712,2946,5886,148,5582,3965,4139,4417,5095,6149,1098,6909,3145,1986,5252,7142,5324,6632,5101,2137,4510,2724,5868,5213,4112,6888,917,6969,2214,2962,637,4865,4976,5074,34,610,1128,2106,6435,2934,894,6495,3087,1916,7063,4118,370,2596,648,5858,4780,2612,3259,3076,3735,4973,6192,3264,6837,3964,2716,4043,386,7482,7413,6943,5997,1097,2071,861,4663,4419,6567,296,835,923,7404,6158,2507,2747,5983,1160,5531,6793,7373,3245,2983,6391,682,3174,6268,3099,1961,3019,5256,4172,4407,1080,7536,4027,3348,5374,7327,6697,4306,6944,502,2213,2224,2100,3679,2810,3278,4023,6625,881,419,4782,5012,1343,2701,2034,1023,6904,37,2164,5338,7523,2051,1931,7436,642,6226,5557,1446,6003,4421,2908,5294,1005,2477,6000,4322,2958,1559,425,3346,254,587,5922,4143,2075,3144,6547,1167,6669,5565,5613,2711,7508,4470,4859,7566,1811,7058,7183,1714,3420,7430,5861,4094,2985,4190,6828,5681,4925,570,2866,1747,2822,6647,3539,3852,7082,5455,6745,3318,5290,1069,1263,2642,2930,4268,532,2638,2355,4437,3167,5369,5463,5108,2329,4160,2406,5866,3240,399,4804,435,2399,2874,4961,6860,2493,5154,3140,834,6358,4652,970,5803,1959,1140,5940,2516,7522,2454,6768,3564,870,3151,4705,4003,6426,6415,6266,2021,270,6502,2872,470,406,7587,3476,2688,2770,3299,3425,6626,2597,6023,912,6714,4904,6727,6092,54,3921,5032,6585,889,1451,1928,2572,822,677,2491,3021,1339,2576,862,3756,5251,1485,1611,2847,3207,5506,2680,4882,7569,7282,294,4624,7378,4093,5306,50,2542,4202,4031,1338,5529,1945,6276,5443,7113,2440,5392,3429,3634,4922,426,2238,6472,2801,5118,5679,2175,2534,4039,1982,4059,4209,883,1467,221,2070,1119,392,6050,1178,5275,2590,405,3975,2411,1001,7453,1079,7493,7121,2900,3938,7571,2079,4379,6597,6775,5730,5875,5696,242,2132,27,131,6068,3255,2465,3804,1034,5204,4990,6531,3491,1081,3455,4771,5373,5434,6418,246,4229,5310,1113,1387,6596,5328,921,4294,1681,6392,6353,3260,708,6818,5207,972,4714,1754,6185,7546,6583,6857,1145,4258,6608,437,2482,2777,184,7214,1602,3509,1728,2737,5468,5289,4129,1284,2249,4530,4835,6025,5762,2421,2683,6639,3309,4236,958,1287,4542,111,4369,4802,3683,4150,961,6250,1782,6914,5931,2533,6033,6559,814,702,1685,3942,5345,986,1379,821,5412,1617,6767,4134,3307,4296,2757,6845,7227,6848,2796,3206,5065,2532,3748,6688,5336,2643,5457,1546,6364,7352,232,103,6512,65,3594,4176,2826,1929,1755,585,4890,2914,5096,7514,2260,4721,5068,3376,1798,18,6334,4582,6921,3582,6892,1480,6784,3773,3497,1,2899,4884,6537,3361,6336,6462,4416,653,3283,3901,603,2776,5910,7382,4539,7512,4333,556,6113,505,1884,1841,5332,6959,2809,2811,5705,1992,2553,7241,7370,3426,5827,4241,2464,290,7573,6388,1317,6240,420,2943,3907,2797,1822,4984,138,2449,4919,2246,7201,3365,5258,1704,4288,7136,4578,727,3394,3766,6135,2604,3879,3002,1405,3647,3418,7583,5963,891,1459,1421,652,1019,6279,7067,2648,156,308,1770,2880,217,75,5073,4661,2372,5606,3724,6193,4228,1696,7408,480,1847,4347,7385,1002,86,1707,5801,756,3979,6101,2302,3470,1326,1778,4169,1663,3234,4665,7025,3137,1812,1975,6145,4132,2307,3860,3837,2608,701,1867,2245,432,6713,1298,1627,2326,4247,3904,641,6488,4090,7072,1691,6760,58,3050,1170,1823,7116,973,1748,709,5925,6156,4037,2336,1837,2509,6351,369,4724,2014,7369,7243,7368,5832,6552,793,2412,5156,5523,4520,4747,328,880,1047,6102,5151,4130,5367,2644,5859,4297,3453,3110,2752,937,6449,3493,6265,5525,2006,5493,5990,6606,5856,4028,546,5299,1539,2050,2231,4547,2431,3442,1635,6504,3128,6345,5882,5462,593,3755,3109,4985,4072,3885,5625,6220,6955,5235,1227,1521,6910,2673,3227,2936,5777,6439,4960,4843,3819,3844,4598,7337,3230,382,4223,5773,1771,3914,488,6060,2768,596,3389,2882,6894,1364,7255,2889,259,4117,5898,3086,2382,2166,3187,6064,2653,1297,6681,7220,4862,6823,4275,1902,2769,5740,1328,1121,4723,2048,4036,5733,7354,3148,2909,3172,2185,6575,5408,6144,1415,5912,487,4957,5757,3385,4795,3916,4729,3392,5123,929,1426,5083,3720,6815,6605,6592,5867,6356,6171,1580,2451,4869,5333,5080,4114,4156,2441,1095,1636,3090,2693,2112,5995,2284,2779,6566,3345,7109,2969,2478,4537,6517,689,7542,7479,4308,6370,6179,379,4302,4518,2358,4064,7510,277,3115,5287,5928,5734,5528,6900,4966,1481,1063,5273,4303,1517,3495,2266,952,944,935,7363,3458,1247,2233,5986,4772,3124,7323,2697,2453,2377,3201,5526,4873,2049,4318,7064,3297,2176,4359,2332,767,3382,779,6643,7437,6679,5173,7002,4103,7347,514,4396,4042,143,2172,1740,6673,826,5378,1804,3416,3033,4500,2230,449,4814,2109,2498,3005,6371,2816,3295,3877,1852,6106,4592,1278,4443,237,7290,6702,4838,4394,4472,5209,1398,1759,1952,6186,7579,1910,6716,2632,3413,1682,3637,1856,3984,4100,4792,2038,136,352,231,4522,3290,424,5935,4175,6805,2846,6328,4344,3654,1290,349,2379,1201,4110,211,6866,2739,6090,5219,5017,5771,5914,5845,4858,5472,6991,2903,1554,3645,3404,906,529,6283,4659,7398,3308,3126,7561,6807,2922,3566,3251,3085,1431,3630,2518,1230,5460,7445,2216,3215,687,1680,1109,4065,2104,7191,5809,4413,5964,6165,3181,4789,4579,17,87,5766,3161,2814,4131,1991,101,3220,3171,5127,588,5288,1515,362,1960,82,3041,7306,841,3571,6285,7319,5053,388,4533,5652,7006,6732,5754,4524,3917,2945,1452,1104,1388,7061,90,666,1243,6861,5027,7054,6693,6014,5058,2850,191,4558,1575,6118,276,2370,513,6126,6515,769,1004,3708,5473,4281,567,2720,3020,2857,6762,3479,6957,522,1062,1980,4283,6361,5495,6389,1625,4478,6935,4092,1799,5533,6884,742,787,1624,4730,1668,6350,6906,1794,7046,2312,5126,3374,3949,2563,2492,4257,4584,1818,5441,4078,4613,5585,665,1896,5544,750,6750,2474,1305,3317,499,4987,5257,7335,575,2029,2656,1360,3521,2529,5756,2993,5141,1078,6178,4061,4706,1913,1449,1894,6140,1441,6721,583,7267,4217,3114,3840,1677,6607,1444,5107,4015,1718,6667,3832,3843,718,6869,452,1112,4698,7405,1711,6498,2657,7435,2539,4193,7340,1911,214,2103,5223,3644,7303,7535,7155,1985,995,4627,4287,1455,5650,6723,1234,6375,4996,340,1454,7226,7315,3402,2649,4908,717,5944,5454,2964,1875,6858,4405,2276,203,6878,3850,7053,7076,3505,3931,4109,2802,102,6170,7271,4915,2286,3408,897,6344,2881,6006,16,5656,6393,5002,4499,3968,3775,4484,6967,5368,2236,6107,2123,5980,5792,371,1997,6812,1369,60,7538,1848,150,6012,4149,3821,1996,1084,6796,3905,955,7336,1816,1510,4476,942,6528,3990,5694,4168,3372,4861,1501,3088,4726,6043,4226,1325,4942,791,3267,6291,3863,3061,6705,1366,4617,5191,4328,7356,4099,4845,4562,5673,6684,80,5870,6939,3632,5414,2773,4879,1397,7468,154,5033,1776,6300,459,436,5789,3046,2057,4089,5140,4787,163,615,3511,6595,4441,2087,5534,4436,4195,3910,429,3330,485,6923,3091,4395,6847,1519,96,3989,2520,4002,3341,6835,4481,4755,2879,3789,2288,7115,2460,4893,3958,4629,7553,7537,5568,6505,2268,5238,443,224,1437,7152,120,5329,7205,6751,4070,5966,6174,1600,2960,6940,7280,7228,7374,4021,5782,1604,4514,5436,3680,2877,3848,4508,1086,5569,1719,2559,2907,219,2416,6953,3029,5203,474,6157,5717,4916,6604,5686,6362,606,6110,126,1382,3366,2012,1017,133,1070,3933,6895,3387,5637,288,2446,614,7527,322,3496,7322,4321,2148,4255,6934,3065,4295,5644,1735,5163,1729,4703,5744,5444,2854,6664,2221,5588,2389,766,1641,1151,4250,4736,5351,2742,152,4509,5574,6305,7165,5424,3884,4179,1285,6747,4154,2740,3111,5077,2334,398,5763,1391,4762,363,3203,2921,1995,283,4080,7161,5603,1666,6695,6850,4828,1904,6367,1292,1633,1946,9,5776,5869,778,1157,4642,3629,3156,2154,2902,2911,5423,3231,3335,2274,2120,416,4357,7516,1182,7216,5761,3452,6615,5605,389,5651,2691,5355,2540,1006,51,6877,7020,2459,3270,1599,5469,1100,284,4341,4448,6224,1051,5933,5199,3456,2076,1319,976,2445,2163,3524,5598,6398,1843,1413,2306,7443,4331,4506,1984,260,2145,5167,930,6990,5232,1418,7477,2434,2320,3605,2282,3038,5607,5579,5105,2677,531,1836,3612,608,5098,3332,4252,1702,5698,7262,657,4808,6342,3377,1462,3349,5313,1777,440,6306,4588,1061,6883,7166,4181,4313,4184,5043,6056,5129,6844,5949,5293,3134,40,70,7425,5295,1187,5486,6814,5029,6754,7055,4521,2243,6208,7037,4025,4014,1312,3666,635,1907,1732,6374,5707,2438,4366,7364,3853,7401,1882,3616,5642,3338,3421,1406,1692,4662,4346,5270,3306,366,6423,127,2884,3944,3858,1941,1403,287,336,7307,2924,458,4793,1547,6290,7087,2126,4161,1424,868,5543,1238,5042,1357,4052,5246,1523,2992,4636,1093,2522,4319,3119,4113,3037,6740,6452,5871,94,5385,373,6744,1721,3522,2569,1291,2414,5054,4654,5015,3419,4536,4503,262,5298,3805,3122,7254,3797,6323,213,7362,7422,729,5684,1090,6529,1892,2614,3247,4033,5678,4822,5404,3754,7192,3012,4459,2371,4101,2098,2505,3057,6339,2690,5860,1083,981,1335,2458,1211,1018,1131,3643,5847,996,3391,7381,306,2086,3957,3546,404,4200,1868,516,5448,462,3414,4426,241,115,6992,7275,6981,7506,4525,3548,2402,7029,5370,738,4095,3892,175,4273,1805,2589,2262,6648,4142,1652,3623,1899,6636,3927,358,5439,2367,5481,6177,2415,2125,4232,20,3460,1445,4532,367,5231,646,144,365,2965,1039,1308,6309,5790,1254,178,3056,6930,4427,210,5992,855,2028,4732,3531,1015,5128,28,6875,3833,2111,1040,4910,686,5034,6950,6920,5646,3,3176,74,7143,1932,5085,6482,2675,3578,6598,3750,6726,5399,4653,2229,1744,7096,3439,1534,4398,6503,6419,2257,1505,6238,1806,381,1198,171,6698,7531,3246,7202,5426,7041,1619,1029,1597,3987,3314,4647,3824,6184,6863,4567,3489,1500,6925,3742,2017,7027,3229,1645,6114,320,7126,7434,1920,5988,5804,3703,5539,5621,2024,1990,2167,966,2940,7283,84,5157,1918,182,6232,78,5116,2544,3350,4225,3325,4616,6982,846,7003,4700,2745,1880,5091,7075,6326,582,5447,5901,6164,6568,2829,1235,4781,639,218,6902,5040,7441,3153,7548,4390,1282,839,3652,5281,2089,489,621,6841,5706,3590,512,1581,625,2837,1000,1303,792,2868,6887,1076,2646,7018,2860,4553,6437,810,6172,3058,1085,1352,6325,6701,5186,4855,2435,1988,5479,5088,6062,4758,81,4446,7086,527,6080,5139,5137,5932,519,7286,6938,4337,4380,2152,383,4894,3383,212,105,4544,6931,3880,3657,1999,6349,2503,4406,3062,2730,2339,2489,3512,3486,957,5521,1468,850,5172,2806,2682,6202,5546,3969,2840,5635,6825,4699,5458,6155,7390,4316,1861,1130,815,932,854,5853,696,248,4687,6310,4683,3771,3074,6088,5946,6524,7260,681,6483,5643,3791,4488,7164,4049,6753,4739,4811,6473,4611,5691,6031,4801,7361,5844,7231,3482,926,4746,207,5113,6455,1213,5838,5864,7117,1528,1134,5025,2000,5087,1197,4660,5405,3690,6466,5725,483,5031,6026,3397,431,4764,1743,3292,7389,3807,3874,4386,4197,605,1171,5334,668,6903,2984,6453,4757,5516,4989,2767,7104,4076,4926,644,5357,6792,2201,4350,1881,7489,7339,2855,5106,1939,2531,6081,5794,1607,579,55,1264,1249,712,3198,5562,6687,4733,6655,7118,4108,5361,7210,5895,5044,7193,692,3596,6215,6912,6831,3517,3899,7295,5153,3159,7447,7426,576,4718,1363,936,2700,627,5119,1527,4931,6132,3084,2270,2595,183,193,4244,4741,4400,1578,6008,2032,6478,3518,226,7349,6511,797,4482,748,4207,6256,2628,4974,1727,4125,4005,1888,4063,7570,908,1757,2763,6548,6299,5372,3132,987,5577,4403,3765,4330,965,2315,122,1821,1323,3783,119,6360,6787,5427,5124,2365,6077,5759,3244,298,5325,5388,758,3609,92,592,6836,3919,1392,1268,6508,7543,7092,6233,5913,994,5376,3054,190,3225,1173,7186,1560,6445,208,5908,6204,1495,3835,466,5411,5816,3640,4104,6153,1974,4370,4409,796,6167,5312,597,180,7338,1222,3841,4210,7215,4998,794,4126,5959,465,2242,6217,4192,3922,6319,7412,4187,6127,3266,6295,5950,4046,4641,135,7501,3093,5115,6324,2671,1126,4816,5261,2761,3570,3962,2867,504,4597,2583,5726,3947,664,5604,4599,3954,1422,4867,7119,2013,5177,5464,5498,2760,3881,5359,4779,6195,6501,2624,2419,355,6207,6629,2625,2571,1492,3574,1940,6082,4643,5982,3641,3952,5688,7297,2658,6401,342,6798,2347,47,2610,4651,3790,3183,1839,5629,1181,823,5800,7310,5655,73,220,4924,5028,6932,1346,2577,3970,1524,1096,2294,4963,6247,22,1695,6493,2678,7576,7560,1184,4515,4158,3370,3625,5991,7377,4199,2659,3941,6030,1219,1270,6216,7346,4460,7559,7353,1640,1948,6759,2228,4992,4208,1889,372,6998,4878,6820,1537,6471,1272,5323,1309,6442,4994,1817,975,4634,3751,5595,2982,2091,1142,1412,4678,2026,5593,3684,507,599,4701,6729,1998,3125,865,271,1733,2237,5559,7392,586,7291,566,5152,7281,3534,6264,6671,3744,1158,6399,5735,2151,6396,6287,3339,6974,3733,4062,2525,3202,1389,3055,3433,61,7284,1174,4769,788,1314,2291,2360,2428,4583,5903,2150,3713,982,6248,4983,5630,1787,2015,415,2060,5748,6656,7036,2316,534,5551,6281,1266,2500,1955,6738,6657,6191,3862,938,6651,6772,4185,1024,4486,5669,594,4254,838,3445,5675,6683,6231,1210,6381,4602,6870,2554,5969,4343,2754,992,2293,6067,291,3980,7545,6926,4563,5259,3929,2018,3820,902,924,1052,2723,4889,2832,6400,4852,816,5487,1842,5795,5680,2588,7124,5330,607,5857,5780,4756,2165,1591,2083,1395,1768,5006,3851,3044,5109,7026,6746,626,1531,7344,5687,6949,2869,6919,1846,6644,3878,2342,2177,5023,5499,3371,1333,1866,2994,785,540,5245,5059,1762,7023,3552,7047,547,3008,6059,4932,6911,223,1087,745,5007,3725,680,2073,545,14,6886,2352,6436,1885,558,6659,5503,699,2041,7466,2253,5041,6872,1793,832,5078,1362,6905,5413,882,5752,2836,2997,1752,3393,7485,2669,1638,4490,4650,5442,1295,1895,4135,4167,733,380,3635,5271,3390,2350,6166,6161,2067,7334,1983,1942,1494,1186,4690,1937,4671,919,6253,1191,4075,7125,5653,6103,5216,6859,2053,4709,7397,6948,5200,2883,6499,5626,2011,5070,6407,2630,6518,3275,2586,4834,1044,6446,1650,5580,3743,2966,3237,7496,7395,7069,2729,4186,7057,2974,5051,744,5192,1154,2225,4913,4474,916,827,2363,6200,2823,5965,7230,5703,1970,2480,6428,3764,3082,6181,3200,5347,6079,6868,4680,1506,1077,1568,4759,5798,6572,6677,978,4529,2400,3801,2056,112,6467,7563,2427,5304,6028,6335,2077,910,7132,6997,4461,6441,2783,740,2144,670,1058,2536,5683,3900,2206,5769,5632,5061,3549,2858,3525,2600,7274,4512,441,3800,1508,6851,572,3444,6125,7225,4778,132,5162,7238,3717,176,3520,1228,3986,2560,6022,3000,5979,3676,1863,5149,4224,5242,5700,3216,30,867,2035,1765,5504,5168,1318,5409,1840,3501,2800,6550,1324,6434,762,5086,1329,6987,5919,6880,2748,3712,4047,199,2281,3614,1438,3759,714,4495,1440,1586,1658,6460,2912,323,5746,4041,1476,2469,6989,3108,2663,6590,5938,1838,7487,7248,2226,130,6052,3913,1125,7549,385,3553,7539,1662,6160,4517,4164,1657,3177,2853,5877,5566,3598,3205,4464,6960,4871,4038,430,3937,6556,5850,5104,1092,1585,1697,4292,5507,4576,4672,1857,3607,1260,6284,1643,1132,7448,2247,5253,5067,3701,5738,3812,7261,5654,6802,2040,3287,7578,2263,7484,5303,4086,4234,3977,4034,984,3368,3303,524,5103,7198,1246,5825,4188,3142,6128,4646,520,4212,7480,5753,2955,2845,2987,2267,3180,1646,209,153,3130,4849,4511,5712,4829,6832,7308,6376,5262,5799,3075,3872,1571,1168,4368,2687,6354,5587,755,7478,3620,7062,5685,4864,5542,6492,2174,7135,4414,876,2734,4938,1541,2295,5382,5093,5627,5475,2191,5896,6666,3184,4965,4972,3769,7085,5049,6635,4454,1563,4423,705,1141,1469,5301,1716,6797,4058,4480,1143,1242,2870,5926,2904,735,7366,933,4970,5556,2310,4912,4348,6813,3477,3313,7031,2640,7081,4719,6035,6545,7518,817,6190,3695,2830,4549,1226,5977,971,940,244,3441,4594,4712,5889,6209,6641,5013,6946,812,7552,3696,7178,4543,6520,390,1465,4286,5893,2652,2241,1358,1849,7429,2188,4684,1533,4272,5099,5670,5201,4722,403,4445,2278,5389,7049,5063,6005,5515,1456,2825,7509,875,573,2515,539,5737,7030,3352,2954,4891,4121,943,2695,1026,658,896,5571,6627,7167,1180,1416,2313,1764,5958,2292,2759,1622,2613,3454,7505,1514,6223,3164,3577,3435,7371,3150,5121,663,6133,818,3672,3469,1779,1356,4632,4601,3587,1705,4123,3233,5138,6591,7240,3094,4157,1933,1022,6578,6873,4456,6027,6297,543,2593,1934,2401,5030,2135,3932,4550,571,7150,1783,1371,5774,2833,6331,3886,471,5934,5749,6670,3360,2898,3997,3095,3737,7154,1420,6169,4240,2864,3659,5987,2005,671,3704,1971,6459,4760,3568,5591,6073,4,155,5535,7078,5130,3340,4639,1463,1088,1386,167,3071,2528,6314,300,7066,2444,4783,3063,4868,3813,2856,6390,2942,2587,2200,4516,1583,423,3779,5020,6097,1477,859,1111,2264,1252,2397,804,1589,6710,5805,6966,5517,4074,2714,1628,6087,777,2873,4216,2709,2395,3432,2591,7511,2527,4876,4505,3731,3238,2388,2511,901,6130,4032,616,6650,6553,234,4128,6662,3660,6994,5892,7038,6506,3558,765,7017,5362,6785,2039,1659,6430,1919,5828,4581,5237,4284,3978,3189,6203,763,3023,2575,5356,3772,872,5435,2813,6634,2526,808,2708,109,2467,4324,4586,4171,5322,408,1512,2022,4177,1741,5159,4420,2457,7028,2967,5005,1715,2513,2775,1010,1736,888,2004,3035,2338,6214,7137,5255,4402,6123,3599,1950,4557,852,5783,3527,3760,7089,801,3123,2568,6855,1758,2094,1792,2794,5943,7533,833,6786,1256,5553,873,4271,6587,2117,4431,2305,731,5785,2362,2097,6624,393,3934,4415,6652,7174,5327,3059,2205,6414,4731,5818,6150,6819,5911,636,6384,1475,1277,2192,6315,4029,7098,1689,1283,2981,1930,1013,6586,3678,3120,3031,5554,5433,2549,3838,6024,3412,612,6620,4554,3053,5601,5342,1809,2147,6947,3895,6686,7293,2844,2862,6945,2851,1634,5936,7256,6696,1789,4941,1150,6476,7266,4940,5921,5791,715,1124,1008,3718,317,7080,622,4593,2727,3734,2598,5189,5220,6074,7470,2935,3585,1670,751,5309,5502,6852,2134,7074,1511,1897,6519,4363,5813,4993,44,1393,6554,2333,4147,6876,1460,4452,1661,7372,6141,3004,6292,3434,2543,6983,946,6977,2084,4606,6774,6260,3955,56,2901,6800,123,6908,7014,7330,104,4310,1862,2772,1807,2255,31,2118,2605,7212,3556,5048,4815,334,4399,1872,7056,5692,1353,3747,2204,6464,7099,7219,7221,467,2240,2672,2888,1251,4898,551,1499,3070,6458,7070,2968,3738,2047,2557,3327,4713,6588,3918,1060,5808,5165,3883,7184,786,1215,1791,5465,3827,6924,6380,7094,6421,7331,4017,4145,3671,5831,3972,5666,7467,3100,129,5185,5807,6386,2938,3321,4552,6613,4693,3770,5183,2789,6411,6581,5900,6916,6368,4375,6928,4044,4430,5538,5396,1630,2300,1035,7350,858,160,1944,2685,4026,5395,4133,295,68,5390,1642,555,7253,2131,4320,2092,673,3025,6274,7122,4681,1383,2462,1355,7035,1926,3182,503,5348,678,98,7268,5018,2368,2731,6485,837,2468,5887,1844,4935,5954,7541,4968,2920,2143,716,6249,3580,2432,1966,7490,4465,2173,374,2364,5380,6021,2928,4805,7465,7264,3401,6490,6036,5343,5648,7321,2548,5572,7169,2647,5617,5492,3217,624,2622,5247,253,2890,2792,4770,6763,991,1146,7162,645,2615,661,72,980,1688,38,4151,6251,6272,4979,1871,533,2002,1893,6168,1262,6465,4237,3776,6422,4988,3013,7163,6973,3424,4775,7332,4342,674,7517,3223,3472,2918,2665,6922,3406,1304,5145,1656,895,764,333,5134,4728,421,1994,6235,5187,4711,6218,6789,2443,3048,4810,1120,113,3665,6879,6481,774,4997,11,5682,6618,2771,2689,2996,5082,6159,7149,6029,920,5052,2030,613,2838,1417,7083,2973,3343,4261,3146,455,2819,6320,4270,5721,3810,1951,5511,3467,4749,1057,7011,1221,7318,6756,4744,3398,3163,2009,89,1956,3809,4376,508,3865,2835,5196,5393,227,5146,4068,1273,6117,3170,1915,4569,6058,4531,2183,4523,158,3523,5874,2136,3781,5570,4978,6162,4669,1825,934,2782,7007,3626,2189,4165,4276,684,2269,88,451,2271,4081,1900,6072,890,6735,760,4377,4293,6095,1564,4664,2256,6809,172,6057,6551,3600,1610,2346,2805,5314,3636,397,2702,1442,5227,7233,1832,0,6640,6803,6463,1701,409,5815,1538,7328,5365,3241,1136,598,3668,2791,3903,3576,335,1315,5416,5620,6377,6146,619,864,5484,6917,2031,2732,7239,853,1302,4418,5440,1908,7095,4085,1615,4233,6707,2721,456,7500,6964,5425,1713,6408,339,3214,840,6976,2991,4487,7182,4502,4329,476,4743,7577,311,1244,4854,6355,2859,3869,563,6020,3003,732,6187,3859,1967,3036,4035,3515,5305,7059,3436,2849,2181,4116,2565,1972,3694,5,4024,948,5573,6085,6856,6302,5120,4573,6557,1993,7004,7244,4079,7287,669,4831,977,83,6514,4083,7206,5953,2037,464,5318,3709,6708,4813,7326,6773,3818,4483,6120,3353,2340,3909,5354,1584,5225,541,5046,3685,1188,326,4016,3312,4918,6737,2917,4327,1623,6487,1380,2171,6443,2223,5640,5708,3946,4231,1103,4243,4088,847,2442,789,3545,2953,737,1122,962,6417,4607,3097,7457,5972,4763,1012,62,7257,7433,3239,6069,5602,2290,1737,3560,1669,5269,4623,1127,4610,6456,3375,2090,1231,4299,6078,3107,6717,1384,69,4253,7540,5001,7251,954,1458,6109,1605,3221,5973,6175,4880,1614,2655,166,4309,5609,7419,885,3162,2488,6622,4753,4073,7304,6510,3693,2161,3105,4628,5064,5645,2219,6799,2510,6961,7444,535,3364,1674,907,5171,3890,3529,3322,7526,2681,3537,3210,4194,724,3898,759,4180,2717,2486,6243,7289,222,685,1865,5406,2895,177,3960,842,7068,5320,6526,5978,6776,6432,196,4847,5589,7223,5267,7534,5377,5578,2479,7246,3157,4326,2424,1555,79,1561,3906,4656,7108,179,1717,5563,3681,2311,268,781,7423,6603,749,5079,4866,1706,1396,1313,1774,662,7355,6663,4183,2394,3774,2105,4392,3077,602,3606,4191,1673,6941,5175,4385,4335,5878,6094,7302,7258,45,1582,6182,3384,197,4788,5778,6978,25,4471,4206,4120,1236,2410,273,3617,1105,36,1038,1949,3610,6413,1066,6143,5820,6951,2562,2744,6730,7200,5212,3948,3228,5667,5047,6579,2654,7396,4622,4345,3749,216,2203,1526,2413,457,3192,1427,3624,1399,6228,2735,2115,5437,2155,6853,4803,5793,1377,4256,775,5264,1963,5480,5205,5514,2296,2139,1114,6357,1372,831,813,3651,23,330,243,2818,4239,7148,3730,4447,5211,6593,4323,6450,5302,5284,4449,2961,3569,2820,4519,4886,6833,5745,3757,7410,7203,7079,548,5781,6806,6137,6061,1199,7077,438,7450,1165,6897,3601,3924,6682,990,4737,2746,1073,4962,2975,6124,7133,5664,4850,360,6543,6736,2384,2357,6219,5520,1175,1354,1407,5851,6612,5397,4468,1877,2301,3068,6255,4892,313,3508,4823,1802,6642,6509,2220,1565,5663,5394,4397,6011,3971,4809,1327,6017,1655,1795,3723,1488,5254,4555,71,6665,4740,997,2573,1027,3431,1155,4875,843,3803,3323,5169,6980,7472,960,5415,2703,4301,3662,4356,2450,2407,6100,4860,202,2841,3867,1631,5787,1224,460,1606,5170,2926,4887,3504,3226,4934,292,1436,5519,6766,4604,4051,3483,257,2361,5537,3305,630,6752,3195,1233,6468,247,1887,1683,2016,8,377,4382,5770,1708,1064,6282,3448,2803,5689,2425,447,3991,1731,4439,5668,7451,721,3648,3584,7199,7234,2633,4087,690,1115,1503,5891,5690,19,229,2885,2369,5907,4314,5446,1257,2345,6958,4391,2222,1775,265,2494,6039,1909,6116,4657,7316,7403,2897,2130,1196,2896,7207,125,6521,3870,4897,2101,5193,1978,2886,4289,7176,1321,2483,2566,4945,6244,5647,6582,6115,4435,6862,1678,790,3160,6327,3613,7175,2430,3129,5278,2753,3473,3595,7250,1820,604,5026,6542,2684,5564,387,5133,1106,5478,1569,4768,189,4218,6013,3976,5876,6539,7278,6365,7575,5401,1194,851,5788,2481,2664,3315,7462,6136,2331,3007,6316,5429,4410,947,3235,3329,3533,3811,2623,3621,2299,4119,3169,6600,6690,2064,3032,448,2619,3839,301,7503,584,5072,4152,3018,4923,1947,5190,6089,6755,5695,5056,2121,3983,215,5215,1828,3722,3367,2405,2722,3224,1453,473,3798,3280,2343,3689,7312,6098,2374,6086,5846,1299,530,5513,6424,1653,1491,1082,1938,6286,2475,1773,7073,3078,6896,3478,5438,6352,3310,5144,3422,3829,2472,5885,511,5340,249,4790,3575,6865,1248,4069,3319,5265,2003,5234,3395,496,108,1239,1203,6882,3573,6194,2831,1595,3687,5097,6817,3258,1020,2989,1411,2570,6280,2547,46,4540,6661,4585,3131,6801,1829,679,1367,2621,7383,5180,106,353,6602,6199,711,4127,6822,4691,5732,1649,6808,4982,5509,3347,2497,4496,7236,7329,1003,4577,4358,7469,2383,2602,6633,4715,1529,3265,41,6010,7237,3538,4570,7564,3823,1161,2923};
local ___0x1da7f0c8=function()
  local __x0ea102a72={};
  for ___0x9d3697cc=1,#__x044a023f8 do
    _0xfe45949c[_0x0c00a2f5[_x0856ed18b]+1]=string.char(__x044a023f8[_0x87690823]);
  end;
  return loadstring(table.concat(___0x5955f75a))();
end;
return ___0x1da7f0c8();
  end;
  spawn(_x0673dc641);
end;